0
102800000
102900000
103300000
105500000
200900000
201500000
203100000
205000000
205700000
300800000
301400000
304900000
305400000
306900000
307100000
307700000
330100000
331400000
401000000
402100000
403400000
405600000
405800000
431200000
500500000
501600000
501700000
502000000
504100000
506200000
600400000
600600000
601900000
603000000
604500000
607900000
630200000
631000000
701200000
702200000
704600000
706100000
730600000
731100000
731300000
802600000
803700000
804800000
806000000
806400000
807800000
831600000
907200000
907300000
908300000
931700000
990100000
1001300000
1001800000
1003500000
1004200000
1004300000
1030500000
1030900000
1102300000
1102400000
1102500000
1108200000
1108600000
1130700000
1204700000
1206300000
1206500000
1208000000
1230800000
1303900000
1380100000
1380200000
1380300000
1380400000
1380500000
1380600000
1380700000
1380800000
1380900000
1381000000
1381100000
1381200000
1381300000
1381400000
1381500000
1381600000
1381700000
1400100000
1401100000
1402700000
1403200000
1404400000
1408100000
1430300000
1600200000
1600300000
1606700000
1606800000
1608500000
1630400000
1704000000
1705100000
1705200000
1705300000
1705900000
1731500000
1900700000
1903600000
1906600000
1907000000
1908700000
1908800000
1999900000